{
  "version":  "3.1.0",
  "energy":    -4.6740499655804617E-02,
  "additive pairwise energy": [
     0.0000000000000000E+00,
    -3.4557928869121735E-04,
    -2.9044186524091262E-04,
    -1.4448989777284484E-04,
    -1.6190405487998425E-04,
    -2.8528160789733308E-04,
    -7.5129824817474146E-05,
    -3.2152352225417534E-05,
    -1.8331839995465100E-05,
    -4.6272529233105555E-06,
    -4.8517153280985997E-05,
    -2.0877111137118298E-04,
    -2.1310078871150635E-04,
    -1.3120551169913320E-05,
    -3.8462113187416048E-06,
    -1.4174098133236253E-06,
    -1.3963487662322661E-06,
    -7.9038779692284556E-06,
    -1.9564382122056805E-06,
    -1.0501462068162272E-06,
    -8.3625778933224859E-07,
    -9.1701340286622145E-05,
    -9.9601393208374251E-05,
    -9.9473629825869641E-05,
    -3.4557928869121735E-04,
     0.0000000000000000E+00,
    -3.5242163853306920E-04,
    -3.2150768849531432E-04,
    -3.9228098729351274E-04,
    -3.4603995469208680E-04,
    -1.0347686817382803E-04,
    -1.7705822048743301E-04,
    -7.7690657640321618E-05,
    -1.5795101447264177E-05,
    -1.4320487975428477E-04,
    -3.0171969203792202E-04,
    -2.3519322400270866E-04,
    -2.7156219717614954E-05,
    -5.7594203809823474E-06,
    -2.8817802461665015E-06,
    -2.8460846702462611E-06,
    -4.1941833949543987E-05,
    -1.0898033413730021E-05,
    -4.7246889697872993E-06,
    -3.5342577305622566E-06,
    -9.6993574508321271E-05,
    -1.0493705318574600E-04,
    -1.0479404218837785E-04,
    -2.9044186524091262E-04,
    -3.5242163853306920E-04,
     0.0000000000000000E+00,
    -3.0607149193835712E-04,
    -3.6011855594105939E-04,
    -3.0731765072143842E-04,
    -5.7986158639871330E-05,
    -3.2832178426755093E-04,
    -2.5340957065501691E-04,
    -8.7776129392250449E-05,
    -3.3068892239342264E-04,
    -3.0801364123860903E-04,
    -3.0007371585479638E-04,
    -1.3744236191054444E-04,
    -2.5611335502640310E-05,
    -1.4678638520198758E-05,
    -1.4559474654939719E-05,
    -1.3103866989467309E-04,
    -2.5061507059905449E-05,
    -1.5139906575512484E-05,
    -1.2538947435098937E-05,
    -8.0269703742761562E-05,
    -5.7543308564291951E-05,
    -5.8346582798046130E-05,
    -1.4448989777284484E-04,
    -3.2150768849531432E-04,
    -3.0607149193835712E-04,
     0.0000000000000000E+00,
    -3.5764893942256216E-04,
    -2.9295627297250184E-04,
    -5.7813049889557157E-05,
    -3.3405189657491840E-04,
    -2.6549956481097489E-04,
    -1.5000077895115381E-04,
    -2.8675270512891016E-04,
    -2.7137585392515218E-04,
    -1.2989998233222110E-04,
    -7.5850170079269828E-05,
    -8.6988565513488398E-06,
    -9.2314793481245025E-06,
    -9.2299846727704527E-06,
    -2.7553151527835338E-04,
    -8.0977051778841693E-05,
    -6.0868991140867310E-05,
    -5.1117942721337577E-05,
    -2.2442483714697281E-05,
    -1.6822361928532675E-05,
    -1.6988609861663693E-05,
    -1.6190405487998425E-04,
    -3.9228098729351274E-04,
    -3.6011855594105939E-04,
    -3.5764893942256216E-04,
     0.0000000000000000E+00,
    -3.7029274941104796E-04,
    -1.1109219917286285E-04,
    -3.7673866180248607E-04,
    -1.4477816756901200E-04,
    -3.7014794868472551E-05,
    -9.9048385432804289E-05,
    -1.5807528360570395E-04,
    -4.0278792412423835E-05,
    -1.5646189905833296E-05,
    -2.1011366870973566E-06,
    -2.1109847369360179E-06,
    -2.1028011684204667E-06,
    -2.8191511825878524E-04,
    -9.7716456210571610E-05,
    -4.3947896781916756E-05,
    -2.8476342951628308E-05,
    -1.5351345923508336E-05,
    -2.3023421458753428E-05,
    -2.2780713798588845E-05,
    -2.8528160789733308E-04,
    -3.4603995469208680E-04,
    -3.0731765072143842E-04,
    -2.9295627297250184E-04,
    -3.7029274941104796E-04,
     0.0000000000000000E+00,
    -9.9501946401009042E-05,
    -1.8169819504608973E-04,
    -5.1126917735141148E-05,
    -1.1557851454680624E-05,
    -5.5551913760962434E-05,
    -1.4838274848372022E-04,
    -5.5469084875220256E-05,
    -9.9707327996693485E-06,
    -1.7479689957568670E-06,
    -1.2637556169459556E-06,
    -1.2524153114775943E-06,
    -7.2729037336488977E-05,
    -2.8164139299048408E-05,
    -8.1057807644693474E-06,
    -5.3227568720511408E-06,
    -4.5860084481886938E-05,
    -7.5661509067853402E-05,
    -7.4819602215720044E-05,
    -7.5129824817474146E-05,
    -1.0347686817382803E-04,
    -5.7986158639871330E-05,
    -5.7813049889557157E-05,
    -1.1109219917286285E-04,
    -9.9501946401009042E-05,
     0.0000000000000000E+00,
    -1.2205905497743448E-05,
    -3.0952068204024772E-06,
    -8.9814156808130525E-07,
    -3.3481517137389893E-06,
    -9.8587543015764725E-06,
    -4.0650730914887306E-06,
    -7.8907163372913910E-07,
    -1.5694957487056763E-07,
    -1.1510853847254738E-07,
    -1.1404492534346648E-07,
    -5.5872023947403454E-06,
    -2.6312483081047846E-06,
    -7.1308252366314582E-07,
    -4.6971195864804346E-07,
    -5.8989089058618619E-06,
    -1.9581535099097794E-05,
    -1.9015890037869198E-05,
    -3.2152352225417534E-05,
    -1.7705822048743301E-04,
    -3.2832178426755093E-04,
    -3.3405189657491840E-04,
    -3.7673866180248607E-04,
    -1.8169819504608973E-04,
    -1.2205905497743448E-05,
     0.0000000000000000E+00,
    -3.2258094823978052E-04,
    -3.3184267658543324E-04,
    -3.5549804826473524E-04,
    -2.6774874061620709E-04,
    -7.5557767696256210E-05,
    -1.4173363844591718E-04,
    -1.1650003182153538E-05,
    -2.2146434082917951E-05,
    -2.2342499146652671E-05,
    -3.4124099486773613E-04,
    -1.0023296468597344E-04,
    -1.0152991790877720E-04,
    -9.9842370466177535E-05,
    -5.6767853893970779E-06,
    -3.5086060778379727E-06,
    -3.5520814911312517E-06,
    -1.8331839995465100E-05,
    -7.7690657640321618E-05,
    -2.5340957065501691E-04,
    -2.6549956481097489E-04,
    -1.4477816756901200E-04,
    -5.1126917735141148E-05,
    -3.0952068204024772E-06,
    -3.2258094823978052E-04,
     0.0000000000000000E+00,
    -2.9330017646219916E-04,
    -3.2087389956222582E-04,
    -2.6080762630218508E-04,
    -1.2833156280448132E-04,
    -2.6748604996934474E-04,
    -4.5153093292049487E-05,
    -7.3724358543479643E-05,
    -7.4045325415168323E-05,
    -2.6644964529172352E-04,
    -4.6069337779644989E-05,
    -6.7870592718373527E-05,
    -7.5072583546489683E-05,
    -4.6415844144981817E-06,
    -1.9466671327606459E-06,
    -1.9848534044355712E-06,
    -4.6272529233105555E-06,
    -1.5795101447264177E-05,
    -8.7776129392250449E-05,
    -1.5000077895115381E-04,
    -3.7014794868472551E-05,
    -1.1557851454680624E-05,
    -8.9814156808130525E-07,
    -3.3184267658543324E-04,
    -2.9330017646219916E-04,
     0.0000000000000000E+00,
    -3.2966270525137530E-04,
    -1.3516573301120411E-04,
    -3.6420940424237947E-05,
    -2.7096604936102084E-04,
    -2.6615622706294422E-05,
    -7.7413223315241461E-05,
    -7.8042317721008705E-05,
    -2.6359277087043914E-04,
    -2.5669669057519816E-05,
    -6.3926947107776995E-05,
    -8.0590998801923302E-05,
    -1.2048315882835148E-06,
    -5.7721399074214548E-07,
    -5.8644351306963382E-07,
    -4.8517153280985997E-05,
    -1.4320487975428477E-04,
    -3.3068892239342264E-04,
    -2.8675270512891016E-04,
    -9.9048385432804289E-05,
    -5.5551913760962434E-05,
    -3.3481517137389893E-06,
    -3.5549804826473524E-04,
    -3.2087389956222582E-04,
    -3.2966270525137530E-04,
     0.0000000000000000E+00,
    -3.3434722419313598E-04,
    -3.2986527958886377E-04,
    -3.3834012113217175E-04,
    -9.7048388670583507E-05,
    -9.9908531154498537E-05,
    -9.9825558425687108E-05,
    -1.3606397428917632E-04,
    -1.2080238078612212E-05,
    -1.8421854885368894E-05,
    -2.2398232512075807E-05,
    -1.7410612338323094E-05,
    -4.4721158076063165E-06,
    -4.5972532834924565E-06,
    -2.0877111137118298E-04,
    -3.0171969203792202E-04,
    -3.0801364123860903E-04,
    -2.7137585392515218E-04,
    -1.5807528360570395E-04,
    -1.4838274848372022E-04,
    -9.8587543015764725E-06,
    -2.6774874061620709E-04,
    -2.6080762630218508E-04,
    -1.3516573301120411E-04,
    -3.3434722419313598E-04,
     0.0000000000000000E+00,
    -3.0695323516940034E-04,
    -2.7678508344407374E-04,
    -8.1100197120683376E-05,
    -5.5977755563452268E-05,
    -5.5539986769999748E-05,
    -6.0467158707421407E-05,
    -7.3951553069390040E-06,
    -7.2388605659584604E-06,
    -7.2262719705644148E-06,
    -7.2249780782639476E-05,
    -2.3870964732658313E-05,
    -2.4668357460680754E-05,
    -2.1310078871150635E-04,
    -2.3519322400270866E-04,
    -3.0007371585479638E-04,
    -1.2989998233222110E-04,
    -4.0278792412423835E-05,
    -5.5469084875220256E-05,
    -4.0650730914887306E-06,
    -7.5557767696256210E-05,
    -1.2833156280448132E-04,
    -3.6420940424237947E-05,
    -3.2986527958886377E-04,
    -3.0695323516940034E-04,
     0.0000000000000000E+00,
    -2.6371519471451662E-04,
    -8.6178649181297749E-05,
    -3.7339489855023796E-05,
    -3.6704435268909633E-05,
    -1.2107872895755385E-05,
    -1.6420816888732177E-06,
    -1.6428600297204946E-06,
    -1.6437768982594971E-06,
    -8.3592605085950293E-05,
    -2.3900456817041149E-05,
    -2.4880154150992002E-05,
    -1.3120551169913320E-05,
    -2.7156219717614954E-05,
    -1.3744236191054444E-04,
    -7.5850170079269828E-05,
    -1.5646189905833296E-05,
    -9.9707327996693485E-06,
    -7.8907163372913910E-07,
    -1.4173363844591718E-04,
    -2.6748604996934474E-04,
    -2.7096604936102084E-04,
    -3.3834012113217175E-04,
    -2.7678508344407374E-04,
    -2.6371519471451662E-04,
     0.0000000000000000E+00,
    -9.0972092282500105E-05,
    -9.4041485825780474E-05,
    -9.3956277817202857E-05,
    -3.1897388670911424E-05,
    -2.5443402780410897E-06,
    -4.7804970496729728E-06,
    -6.4772958444114568E-06,
    -5.7342318423766300E-06,
    -1.3965327132901078E-06,
    -1.4344320738802199E-06,
    -3.8462113187416048E-06,
    -5.7594203809823474E-06,
    -2.5611335502640310E-05,
    -8.6988565513488398E-06,
    -2.1011366870973566E-06,
    -1.7479689957568670E-06,
    -1.5694957487056763E-07,
    -1.1650003182153538E-05,
    -4.5153093292049487E-05,
    -2.6615622706294422E-05,
    -9.7048388670583507E-05,
    -8.1100197120683376E-05,
    -8.6178649181297749E-05,
    -9.0972092282500105E-05,
     0.0000000000000000E+00,
    -2.6951142859121278E-05,
    -2.6925495177073011E-05,
    -2.3813734321003492E-06,
    -2.5036176384920343E-07,
    -3.8629843365722069E-07,
    -4.6879107454357379E-07,
    -2.2187169769796209E-06,
    -4.2012861497980493E-07,
    -4.3468277577768210E-07,
    -1.4174098133236253E-06,
    -2.8817802461665015E-06,
    -1.4678638520198758E-05,
    -9.2314793481245025E-06,
    -2.1109847369360179E-06,
    -1.2637556169459556E-06,
    -1.1510853847254738E-07,
    -2.2146434082917951E-05,
    -7.3724358543479643E-05,
    -7.7413223315241461E-05,
    -9.9908531154498537E-05,
    -5.5977755563452268E-05,
    -3.7339489855023796E-05,
    -9.4041485825780474E-05,
    -2.6951142859121278E-05,
     0.0000000000000000E+00,
    -2.7877665636065321E-05,
    -5.7206874892830496E-06,
    -4.8633100844765060E-07,
    -7.9357516176902684E-07,
    -1.6164049720303669E-06,
    -5.8297229673572980E-07,
    -1.9378033584528666E-07,
    -1.6165885058325796E-07,
    -1.3963487662322661E-06,
    -2.8460846702462611E-06,
    -1.4559474654939719E-05,
    -9.2299846727704527E-06,
    -2.1028011684204667E-06,
    -1.2524153114775943E-06,
    -1.1404492534346648E-07,
    -2.2342499146652671E-05,
    -7.4045325415168323E-05,
    -7.8042317721008705E-05,
    -9.9825558425687108E-05,
    -5.5539986769999748E-05,
    -3.6704435268909633E-05,
    -9.3956277817202857E-05,
    -2.6925495177073011E-05,
    -2.7877665636065321E-05,
     0.0000000000000000E+00,
    -5.8262901350233221E-06,
    -4.4926746057739890E-07,
    -1.2019765625319928E-06,
    -1.2110303804171233E-06,
    -5.6852132369787976E-07,
    -1.5662269361342180E-07,
    -1.9593159190638808E-07,
    -7.9038779692284556E-06,
    -4.1941833949543987E-05,
    -1.3103866989467309E-04,
    -2.7553151527835338E-04,
    -2.8191511825878524E-04,
    -7.2729037336488977E-05,
    -5.5872023947403454E-06,
    -3.4124099486773613E-04,
    -2.6644964529172352E-04,
    -2.6359277087043914E-04,
    -1.3606397428917632E-04,
    -6.0467158707421407E-05,
    -1.2107872895755385E-05,
    -3.1897388670911424E-05,
    -2.3813734321003492E-06,
    -5.7206874892830496E-06,
    -5.8262901350233221E-06,
     0.0000000000000000E+00,
    -9.3734323851495704E-05,
    -9.5401623298719052E-05,
    -9.3603007722154437E-05,
    -1.2632602697062978E-06,
    -1.0569696671222029E-06,
    -1.0661592279085020E-06,
    -1.9564382122056805E-06,
    -1.0898033413730021E-05,
    -2.5061507059905449E-05,
    -8.0977051778841693E-05,
    -9.7716456210571610E-05,
    -2.8164139299048408E-05,
    -2.6312483081047846E-06,
    -1.0023296468597344E-04,
    -4.6069337779644989E-05,
    -2.5669669057519816E-05,
    -1.2080238078612212E-05,
    -7.3951553069390040E-06,
    -1.6420816888732177E-06,
    -2.5443402780410897E-06,
    -2.5036176384920343E-07,
    -4.8633100844765060E-07,
    -4.4926746057739890E-07,
    -9.3734323851495704E-05,
     0.0000000000000000E+00,
    -2.7999125929227990E-05,
    -2.7445372837541784E-05,
    -2.7319187784809286E-07,
    -3.0443098903541463E-07,
    -2.8258325898461687E-07,
    -1.0501462068162272E-06,
    -4.7246889697872993E-06,
    -1.5139906575512484E-05,
    -6.0868991140867310E-05,
    -4.3947896781916756E-05,
    -8.1057807644693474E-06,
    -7.1308252366314582E-07,
    -1.0152991790877720E-04,
    -6.7870592718373527E-05,
    -6.3926947107776995E-05,
    -1.8421854885368894E-05,
    -7.2388605659584604E-06,
    -1.6428600297204946E-06,
    -4.7804970496729728E-06,
    -3.8629843365722069E-07,
    -7.9357516176902684E-07,
    -1.2019765625319928E-06,
    -9.5401623298719052E-05,
    -2.7999125929227990E-05,
     0.0000000000000000E+00,
    -2.7987219768749384E-05,
    -1.8224920881708162E-07,
    -1.4024909244500760E-07,
    -1.7594771597718708E-07,
    -8.3625778933224859E-07,
    -3.5342577305622566E-06,
    -1.2538947435098937E-05,
    -5.1117942721337577E-05,
    -2.8476342951628308E-05,
    -5.3227568720511408E-06,
    -4.6971195864804346E-07,
    -9.9842370466177535E-05,
    -7.5072583546489683E-05,
    -8.0590998801923302E-05,
    -2.2398232512075807E-05,
    -7.2262719705644148E-06,
    -1.6437768982594971E-06,
    -6.4772958444114568E-06,
    -4.6879107454357379E-07,
    -1.6164049720303669E-06,
    -1.2110303804171233E-06,
    -9.3603007722154437E-05,
    -2.7445372837541784E-05,
    -2.7987219768749384E-05,
     0.0000000000000000E+00,
    -1.5682743978644249E-07,
    -1.3274060886301907E-07,
    -1.1609269963757716E-07,
    -9.1701340286622145E-05,
    -9.6993574508321271E-05,
    -8.0269703742761562E-05,
    -2.2442483714697281E-05,
    -1.5351345923508336E-05,
    -4.5860084481886938E-05,
    -5.8989089058618619E-06,
    -5.6767853893970779E-06,
    -4.6415844144981817E-06,
    -1.2048315882835148E-06,
    -1.7410612338323094E-05,
    -7.2249780782639476E-05,
    -8.3592605085950293E-05,
    -5.7342318423766300E-06,
    -2.2187169769796209E-06,
    -5.8297229673572980E-07,
    -5.6852132369787976E-07,
    -1.2632602697062978E-06,
    -2.7319187784809286E-07,
    -1.8224920881708162E-07,
    -1.5682743978644249E-07,
     0.0000000000000000E+00,
    -2.7931943958514027E-05,
    -2.7898743728921289E-05,
    -9.9601393208374251E-05,
    -1.0493705318574600E-04,
    -5.7543308564291951E-05,
    -1.6822361928532675E-05,
    -2.3023421458753428E-05,
    -7.5661509067853402E-05,
    -1.9581535099097794E-05,
    -3.5086060778379727E-06,
    -1.9466671327606459E-06,
    -5.7721399074214548E-07,
    -4.4721158076063165E-06,
    -2.3870964732658313E-05,
    -2.3900456817041149E-05,
    -1.3965327132901078E-06,
    -4.2012861497980493E-07,
    -1.9378033584528666E-07,
    -1.5662269361342180E-07,
    -1.0569696671222029E-06,
    -3.0443098903541463E-07,
    -1.4024909244500760E-07,
    -1.3274060886301907E-07,
    -2.7931943958514027E-05,
     0.0000000000000000E+00,
    -3.0310710296877979E-05,
    -9.9473629825869641E-05,
    -1.0479404218837785E-04,
    -5.8346582798046130E-05,
    -1.6988609861663693E-05,
    -2.2780713798588845E-05,
    -7.4819602215720044E-05,
    -1.9015890037869198E-05,
    -3.5520814911312517E-06,
    -1.9848534044355712E-06,
    -5.8644351306963382E-07,
    -4.5972532834924565E-06,
    -2.4668357460680754E-05,
    -2.4880154150992002E-05,
    -1.4344320738802199E-06,
    -4.3468277577768210E-07,
    -1.6165885058325796E-07,
    -1.9593159190638808E-07,
    -1.0661592279085020E-06,
    -2.8258325898461687E-07,
    -1.7594771597718708E-07,
    -1.1609269963757716E-07,
    -2.7898743728921289E-05,
    -3.0310710296877979E-05,
     0.0000000000000000E+00
  ],
  "non-additive pairwise energy": [
     0.0000000000000000E+00,
    -5.5818016815129370E-07,
    -9.5427086511448793E-07,
    -1.3362399532440823E-07,
     5.4141288794631597E-07,
     5.5014741243902180E-07,
     3.5071837961263712E-07,
     2.7423532197693595E-07,
     3.6136546548005907E-07,
    -5.4140302632209347E-07,
     4.3075686472458775E-07,
    -2.7731800209206142E-07,
     3.3456016889878700E-07,
     1.8083168664663645E-07,
     1.6243935257685368E-07,
    -1.0193414307122261E-07,
    -1.0892553276507677E-07,
    -3.9776343561405934E-07,
    -2.0655086489651999E-07,
    -2.1973190458782847E-07,
    -2.8897841085448624E-07,
     2.4176831509754702E-07,
     1.3417116759999097E-08,
     4.3396686545483256E-08,
    -5.5818016815129370E-07,
     0.0000000000000000E+00,
    -3.9333429331390204E-07,
    -1.3339910098503762E-07,
     4.2275408820542614E-07,
     1.7706853643539428E-07,
    -1.1579975416759705E-07,
     1.1431272626757261E-07,
     5.5793783592886312E-07,
     1.5880602150687605E-07,
     1.8869533230016190E-07,
     2.5273545004781212E-08,
     4.9055669922392900E-07,
     5.1735849187707837E-07,
     2.2743790416544586E-07,
     1.4836637048269889E-08,
     5.7076975028059787E-09,
     3.1951229740651075E-07,
     1.4549068074966735E-07,
     2.9402964656841420E-08,
    -8.6990188004496124E-08,
     9.6365764102434852E-08,
    -4.2164462682138178E-07,
    -4.0133137475281024E-07,
    -9.5427086511448793E-07,
    -3.9333429331390204E-07,
     0.0000000000000000E+00,
     2.5481280885551349E-08,
     2.7265457406376242E-08,
    -4.8414135681447474E-07,
    -1.3794125417431996E-07,
    -6.5420145125965508E-08,
    -2.6565050358473080E-07,
     3.7012046772403400E-07,
    -9.6857745820877041E-08,
     2.3579779296935078E-08,
     2.7755487482325229E-08,
     6.9599747271054987E-09,
     5.1244160518390970E-08,
     6.0544196805341204E-08,
     5.6562860263394619E-08,
     1.9894684890153340E-07,
     2.1680469035547202E-07,
     2.9606432116632998E-07,
     2.6741346418303149E-07,
    -2.9887266757639434E-07,
    -3.5024613590641145E-07,
    -3.4965967344756676E-07,
    -1.3362399532440823E-07,
    -1.3339910098503762E-07,
     2.5481280885551349E-08,
     0.0000000000000000E+00,
    -4.3380591578318424E-07,
    -5.2675192700615558E-07,
    -1.7673306288528761E-07,
    -1.4718251010087156E-07,
    -1.2987112986729356E-07,
     1.7279876653456563E-07,
     2.6778540119714611E-07,
     3.1556950536192052E-07,
     7.8664881980542941E-07,
     4.9773561598642041E-07,
     2.5808947351739070E-07,
     2.1624709839321954E-07,
     2.1139236085135806E-07,
    -4.1778976912199127E-07,
    -2.9246785448458784E-07,
    -7.6995746569983057E-08,
    -7.6565391656008674E-08,
     1.7305592251652839E-07,
     4.5478228702434231E-08,
     5.0705658423384615E-08,
     5.4141288794631597E-07,
     4.2275408820542614E-07,
     2.7265457406376242E-08,
    -4.3380591578318424E-07,
     0.0000000000000000E+00,
     2.0201772655325496E-07,
    -2.8317311298427396E-07,
     1.1449877775475858E-07,
     5.3136503050762091E-07,
     6.8488855959572706E-07,
     6.1230580639686282E-07,
     9.2062151788794638E-07,
     1.0220765378214869E-06,
     2.5534590728211062E-07,
    -1.3733418412412464E-07,
    -9.7767723486128123E-08,
    -1.0480302988828159E-07,
     3.6667821432476295E-07,
     6.1621724252074357E-08,
     2.7745146090503918E-07,
     2.6682572910949132E-07,
     4.0694606993524778E-07,
     2.4838139869514236E-07,
     2.5274954229574279E-07,
     5.5014741243902180E-07,
     1.7706853643539428E-07,
    -4.8414135681447474E-07,
    -5.2675192700615558E-07,
     2.0201772655325496E-07,
     0.0000000000000000E+00,
    -6.3059561224781570E-07,
     3.1632780577858962E-07,
     8.1172329278478809E-07,
    -1.8896555867081675E-08,
     4.7989520905054228E-07,
     4.6973390743798565E-07,
     8.8490482446227683E-07,
    -1.8070317190642868E-07,
    -2.2064100832712389E-07,
    -2.6129142349944404E-07,
    -2.6951762516482129E-07,
     6.3610525513335331E-07,
     2.6633612912460562E-07,
     3.2465122050617484E-07,
     2.0789180286384540E-07,
     4.1704263614021229E-07,
     2.2329903249912613E-07,
     2.3495383074599226E-07,
     3.5071837961263712E-07,
    -1.1579975416759705E-07,
    -1.3794125417431996E-07,
    -1.7673306288528761E-07,
    -2.8317311298427396E-07,
    -6.3059561224781570E-07,
     0.0000000000000000E+00,
     2.0672160411673208E-07,
    -1.2414813673715268E-07,
    -3.9501051477411241E-07,
    -2.0352459381467642E-07,
     2.1621601255618873E-07,
     8.1465199759590245E-08,
    -3.9640683039512528E-07,
    -1.2139686211483074E-07,
    -1.1698983901517939E-07,
    -1.1889349575332904E-07,
     2.0476648480297564E-07,
     1.5887419791382274E-07,
     2.6363752523021997E-08,
    -8.0505574831655802E-08,
     2.0505075161747002E-07,
     2.0240934266090423E-07,
     2.0421343032041277E-07,
     2.7423532197693595E-07,
     1.1431272626757261E-07,
    -6.5420145125965508E-08,
    -1.4718251010087156E-07,
     1.1449877775475858E-07,
     3.1632780577858962E-07,
     2.0672160411673208E-07,
     0.0000000000000000E+00,
     1.4746610634183885E-07,
    -2.3554468139256276E-07,
     4.1143136665288606E-07,
     4.2716180610172607E-07,
     7.5631837001898656E-07,
     3.4336341399431738E-07,
     1.7190267298876507E-07,
     2.2060999033165014E-07,
     2.2099195894678612E-07,
    -5.7718762257661159E-07,
    -3.1491664575591832E-07,
    -3.0197674054461189E-07,
    -4.0090669274309827E-07,
     1.5921986619141016E-07,
    -6.2364534561069800E-08,
    -5.0737761319917661E-08,
     3.6136546548005907E-07,
     5.5793783592886312E-07,
    -2.6565050358473080E-07,
    -1.2987112986729356E-07,
     5.3136503050762091E-07,
     8.1172329278478809E-07,
    -1.2414813673715268E-07,
     1.4746610634183885E-07,
     0.0000000000000000E+00,
    -8.6848030329210677E-07,
     1.6583699983763697E-07,
     3.4333424909108508E-08,
     6.5646749219692744E-07,
     8.6842698131162968E-08,
     6.5033664010111122E-09,
    -1.3301589863806527E-07,
    -1.3407347090350879E-07,
     1.5465235105189213E-07,
     9.6251358389365039E-08,
     3.4078776934388466E-08,
    -5.8793125070849653E-08,
     2.2561165228628428E-07,
    -1.8022108875480915E-07,
    -1.6727409109273770E-07,
    -5.4140302632209347E-07,
     1.5880602150687605E-07,
     3.7012046772403400E-07,
     1.7279876653456563E-07,
     6.8488855959572706E-07,
    -1.8896555867081675E-08,
    -3.9501051477411241E-07,
    -2.3554468139256276E-07,
    -8.6848030329210677E-07,
     0.0000000000000000E+00,
    -4.2875314690945322E-08,
     4.7959679603668569E-07,
     6.6757656791428544E-07,
     5.0122860632477961E-07,
     3.0810093758874711E-07,
     2.1927900467593211E-07,
     2.2067092989916662E-07,
     4.9518842789612823E-07,
     3.3680978892284884E-07,
     2.8355612228216732E-07,
     2.2566742695753217E-07,
    -1.9570622698316363E-07,
    -2.3394838914190857E-07,
    -2.2922065196568182E-07,
     4.3075686472458775E-07,
     1.8869533230016190E-07,
    -9.6857745820877041E-08,
     2.6778540119714611E-07,
     6.1230580639686282E-07,
     4.7989520905054228E-07,
    -2.0352459381467642E-07,
     4.1143136665288606E-07,
     1.6583699983763697E-07,
    -4.2875314690945322E-08,
     0.0000000000000000E+00,
    -1.0094833515486389E-07,
     1.2220043917982914E-07,
    -6.9423998896758973E-07,
    -3.9201701095558127E-07,
    -4.5943743790813813E-07,
    -4.6327229690164096E-07,
     4.9286958366382593E-07,
     2.3754569650365758E-07,
     2.7428331385481903E-07,
     2.4730164350956949E-07,
     2.5559435498676823E-07,
     7.8209793607844012E-08,
     9.1434392437892094E-08,
    -2.7731800209206142E-07,
     2.5273545004781212E-08,
     2.3579779296935078E-08,
     3.1556950536192052E-07,
     9.2062151788794638E-07,
     4.6973390743798565E-07,
     2.1621601255618873E-07,
     4.2716180610172607E-07,
     3.4333424909108508E-08,
     4.7959679603668569E-07,
    -1.0094833515486389E-07,
     0.0000000000000000E+00,
    -3.7654788002100870E-07,
    -5.0727469466207377E-07,
    -4.5630298347189905E-07,
    -1.4628836412279348E-07,
    -1.4664758742266106E-07,
     8.8644070373957565E-07,
     3.5725968545868611E-07,
     3.6266612677450923E-07,
     3.2897686631881186E-07,
    -2.0525114282073925E-07,
     5.8911335703230220E-08,
     5.6708681664345638E-08,
     3.3456016889878700E-07,
     4.9055669922392900E-07,
     2.7755487482325229E-08,
     7.8664881980542941E-07,
     1.0220765378214869E-06,
     8.8490482446227683E-07,
     8.1465199759590245E-08,
     7.5631837001898656E-07,
     6.5646749219692744E-07,
     6.6757656791428544E-07,
     1.2220043917982914E-07,
    -3.7654788002100870E-07,
     0.0000000000000000E+00,
     2.9316331680841033E-07,
    -4.8065122408804431E-08,
     2.6484536161350760E-07,
     2.6453793999033965E-07,
     1.2886143903654633E-07,
    -1.8247492775820134E-07,
    -1.3007339036112698E-07,
    -1.6485613542018813E-07,
     5.3774708886043099E-08,
     2.4998452943867851E-07,
     2.4939658932261316E-07,
     1.8083168664663645E-07,
     5.1735849187707837E-07,
     6.9599747271054987E-09,
     4.9773561598642041E-07,
     2.5534590728211062E-07,
    -1.8070317190642868E-07,
    -3.9640683039512528E-07,
     3.4336341399431738E-07,
     8.6842698131162968E-08,
     5.0122860632477961E-07,
    -6.9423998896758973E-07,
    -5.0727469466207377E-07,
     2.9316331680841033E-07,
     0.0000000000000000E+00,
     1.2604944349896944E-07,
     1.3321145695156603E-07,
     1.2306330051680447E-07,
     6.0776715768075731E-07,
    -6.3366594983472892E-08,
     2.1337657476319766E-07,
     2.7561871921113634E-07,
     2.1525717495781734E-07,
    -1.2909430070784789E-07,
    -1.1882624833122437E-07,
     1.6243935257685368E-07,
     2.2743790416544586E-07,
     5.1244160518390970E-08,
     2.5808947351739070E-07,
    -1.3733418412412464E-07,
    -2.2064100832712389E-07,
    -1.2139686211483074E-07,
     1.7190267298876507E-07,
     6.5033664010111122E-09,
     3.0810093758874711E-07,
    -3.9201701095558127E-07,
    -4.5630298347189905E-07,
    -4.8065122408804431E-08,
     1.2604944349896944E-07,
     0.0000000000000000E+00,
     2.1402380740133345E-07,
     2.1044425773125676E-07,
    -9.2050925380595475E-08,
    -1.3701847779392721E-07,
    -6.7293893830130526E-08,
    -6.7439792858720454E-08,
     1.2202912259406037E-07,
    -7.4923164479253377E-09,
    -6.7858756803391448E-10,
    -1.0193414307122261E-07,
     1.4836637048269889E-08,
     6.0544196805341204E-08,
     2.1624709839321954E-07,
    -9.7767723486128123E-08,
    -2.6129142349944404E-07,
    -1.1698983901517939E-07,
     2.2060999033165014E-07,
    -1.3301589863806527E-07,
     2.1927900467593211E-07,
    -4.5943743790813813E-07,
    -1.4628836412279348E-07,
     2.6484536161350760E-07,
     1.3321145695156603E-07,
     2.1402380740133345E-07,
     0.0000000000000000E+00,
     3.2682798332632422E-07,
     2.5728472763842025E-07,
    -3.3407054780077706E-08,
     2.9070608610713508E-08,
     1.6038638201808373E-07,
    -1.7997261070483725E-08,
     4.8720808224543718E-09,
    -8.0387894766421501E-08,
    -1.0892553276507677E-07,
     5.7076975028059787E-09,
     5.6562860263394619E-08,
     2.1139236085135806E-07,
    -1.0480302988828159E-07,
    -2.6951762516482129E-07,
    -1.1889349575332904E-07,
     2.2099195894678612E-07,
    -1.3407347090350879E-07,
     2.2067092989916662E-07,
    -4.6327229690164096E-07,
    -1.4664758742266106E-07,
     2.6453793999033965E-07,
     1.2306330051680447E-07,
     2.1044425773125676E-07,
     3.2682798332632422E-07,
     0.0000000000000000E+00,
     2.6070341957039883E-07,
    -7.8321400796172217E-08,
     1.5013889386046954E-07,
     1.0835165727464658E-07,
    -2.4533317773103012E-08,
    -8.4692693333392857E-08,
     6.6277970214454966E-09,
    -3.9776343561405934E-07,
     3.1951229740651075E-07,
     1.9894684890153340E-07,
    -4.1778976912199127E-07,
     3.6667821432476295E-07,
     6.3610525513335331E-07,
     2.0476648480297564E-07,
    -5.7718762257661159E-07,
     1.5465235105189213E-07,
     4.9518842789612823E-07,
     4.9286958366382593E-07,
     8.8644070373957565E-07,
     1.2886143903654633E-07,
     6.0776715768075731E-07,
    -9.2050925380595475E-08,
     2.5728472763842025E-07,
     2.6070341957039883E-07,
     0.0000000000000000E+00,
     1.2327090080724895E-07,
     1.8703811858677177E-07,
     1.5656717911934086E-08,
    -2.2352478908059766E-07,
    -2.3593958155715627E-07,
    -2.2586423516635692E-07,
    -2.0655086489651999E-07,
     1.4549068074966735E-07,
     2.1680469035547202E-07,
    -2.9246785448458784E-07,
     6.1621724252074357E-08,
     2.6633612912460562E-07,
     1.5887419791382274E-07,
    -3.1491664575591832E-07,
     9.6251358389365039E-08,
     3.3680978892284884E-07,
     2.3754569650365758E-07,
     3.5725968545868611E-07,
    -1.8247492775820134E-07,
    -6.3366594983472892E-08,
    -1.3701847779392721E-07,
    -3.3407054780077706E-08,
    -7.8321400796172217E-08,
     1.2327090080724895E-07,
     0.0000000000000000E+00,
     2.3680212382155266E-07,
     1.4337769169755407E-07,
    -7.2103174725118532E-08,
    -4.3443069158372569E-08,
    -6.5450873268804130E-08,
    -2.1973190458782847E-07,
     2.9402964656841420E-08,
     2.9606432116632998E-07,
    -7.6995746569983057E-08,
     2.7745146090503918E-07,
     3.2465122050617484E-07,
     2.6363752523021997E-08,
    -3.0197674054461189E-07,
     3.4078776934388466E-08,
     2.8355612228216732E-07,
     2.7428331385481903E-07,
     3.6266612677450923E-07,
    -1.3007339036112698E-07,
     2.1337657476319766E-07,
    -6.7293893830130526E-08,
     2.9070608610713508E-08,
     1.5013889386046954E-07,
     1.8703811858677177E-07,
     2.3680212382155266E-07,
     0.0000000000000000E+00,
     3.3228745292922959E-07,
    -3.0179427336353325E-08,
    -7.0634895347516680E-08,
     1.2888626689209382E-08,
    -2.8897841085448624E-07,
    -8.6990188004496124E-08,
     2.6741346418303149E-07,
    -7.6565391656008674E-08,
     2.6682572910949132E-07,
     2.0789180286384540E-07,
    -8.0505574831655802E-08,
    -4.0090669274309827E-07,
    -5.8793125070849653E-08,
     2.2566742695753217E-07,
     2.4730164350956949E-07,
     3.2897686631881186E-07,
    -1.6485613542018813E-07,
     2.7561871921113634E-07,
    -6.7439792858720454E-08,
     1.6038638201808373E-07,
     1.0835165727464658E-07,
     1.5656717911934086E-08,
     1.4337769169755407E-07,
     3.3228745292922959E-07,
     0.0000000000000000E+00,
    -4.7651558851066849E-08,
    -3.1155560189505626E-08,
    -8.7912515283386865E-08,
     2.4176831509754702E-07,
     9.6365764102434852E-08,
    -2.9887266757639434E-07,
     1.7305592251652839E-07,
     4.0694606993524778E-07,
     4.1704263614021229E-07,
     2.0505075161747002E-07,
     1.5921986619141016E-07,
     2.2561165228628428E-07,
    -1.9570622698316363E-07,
     2.5559435498676823E-07,
    -2.0525114282073925E-07,
     5.3774708886043099E-08,
     2.1525717495781734E-07,
     1.2202912259406037E-07,
    -1.7997261070483725E-08,
    -2.4533317773103012E-08,
    -2.2352478908059766E-07,
    -7.2103174725118532E-08,
    -3.0179427336353325E-08,
    -4.7651558851066849E-08,
     0.0000000000000000E+00,
     9.5945760193865255E-08,
     1.0579986697060028E-07,
     1.3417116759999097E-08,
    -4.2164462682138178E-07,
    -3.5024613590641145E-07,
     4.5478228702434231E-08,
     2.4838139869514236E-07,
     2.2329903249912613E-07,
     2.0240934266090423E-07,
    -6.2364534561069800E-08,
    -1.8022108875480915E-07,
    -2.3394838914190857E-07,
     7.8209793607844012E-08,
     5.8911335703230220E-08,
     2.4998452943867851E-07,
    -1.2909430070784789E-07,
    -7.4923164479253377E-09,
     4.8720808224543718E-09,
    -8.4692693333392857E-08,
    -2.3593958155715627E-07,
    -4.3443069158372569E-08,
    -7.0634895347516680E-08,
    -3.1155560189505626E-08,
     9.5945760193865255E-08,
     0.0000000000000000E+00,
     2.9299793762785414E-07,
     4.3396686545483256E-08,
    -4.0133137475281024E-07,
    -3.4965967344756676E-07,
     5.0705658423384615E-08,
     2.5274954229574279E-07,
     2.3495383074599226E-07,
     2.0421343032041277E-07,
    -5.0737761319917661E-08,
    -1.6727409109273770E-07,
    -2.2922065196568182E-07,
     9.1434392437892094E-08,
     5.6708681664345638E-08,
     2.4939658932261316E-07,
    -1.1882624833122437E-07,
    -6.7858756803391448E-10,
    -8.0387894766421501E-08,
     6.6277970214454966E-09,
    -2.2586423516635692E-07,
    -6.5450873268804130E-08,
     1.2888626689209382E-08,
    -8.7912515283386865E-08,
     1.0579986697060028E-07,
     2.9299793762785414E-07,
     0.0000000000000000E+00
  ]
}
